x	y	z
-12.9	11.65	103.17
-12.94	11.85	103.17
-11.37	12.61	34.37
-9.68	12.94	9.57
-7.6	11.62	-29.95
-7.6	11.62	-6.95
-7.45	11.6	-6.95
-5.54	9.71	-51.23
-5.17	9.56	-23.49
-1.88	11.42	30.76
1.3	8.81	-40.43
3.09	9.0	-2.2
3.47	8.81	-28.13
7.94	10.82	25.89
9.18	9.79	-51.15
9.58	9.62	-24.85
12.63	11.14	28.61
15.59	9.41	-34.96
15.42	7.63	-104.56
16.21	5.17	-80.24
16.3	5.02	-56.07
18.39	5.12	0.0
20.51	2.36	-50.03
20.14	0.09	-86.01
19.98	-0.28	-112.71
20.55	-2.32	-64.31
20.3	-4.99	-87.83
20.25	-5.12	-112.11
20.56	-7.67	-71.65
19.99	-9.68	-95.58
20.46	-11.68	-66.29
20.38	-13.55	-89.69
20.24	-13.64	-148.09
20.24	-13.64	-171.66
20.19	-13.65	-171.66
